  0%|          | 0/50 [00:00<?, ?it/s]  2%|▏         | 1/50 [00:00<00:13,  3.60it/s]  4%|▍         | 2/50 [00:00<00:08,  5.38it/s]  6%|▌         | 3/50 [00:00<00:07,  6.58it/s]  8%|▊         | 4/50 [00:00<00:06,  7.27it/s] 10%|█         | 5/50 [00:00<00:05,  7.81it/s] 12%|█▏        | 6/50 [00:00<00:05,  8.14it/s] 14%|█▍        | 7/50 [00:00<00:05,  8.41it/s] 16%|█▌        | 8/50 [00:01<00:05,  8.16it/s] 18%|█▊        | 9/50 [00:01<00:05,  7.92it/s] 20%|██        | 10/50 [00:01<00:05,  7.77it/s] 22%|██▏       | 11/50 [00:01<00:05,  7.70it/s] 24%|██▍       | 12/50 [00:01<00:04,  7.66it/s] 26%|██▌       | 13/50 [00:01<00:04,  7.75it/s] 28%|██▊       | 14/50 [00:01<00:04,  7.72it/s] 30%|███       | 15/50 [00:02<00:04,  7.03it/s] 32%|███▏      | 16/50 [00:02<00:05,  6.58it/s] 34%|███▍      | 17/50 [00:02<00:05,  6.16it/s] 36%|███▌      | 18/50 [00:02<00:05,  5.93it/s] 38%|███▊      | 19/50 [00:02<00:05,  5.85it/s] 40%|████      | 20/50 [00:02<00:05,  5.49it/s] 42%|████▏     | 21/50 [00:03<00:05,  5.49it/s] 44%|████▍     | 22/50 [00:03<00:05,  5.53it/s] 46%|████▌     | 23/50 [00:03<00:04,  5.53it/s] 48%|████▊     | 24/50 [00:03<00:04,  5.59it/s] 50%|█████     | 25/50 [00:03<00:04,  5.70it/s] 52%|█████▏    | 26/50 [00:04<00:04,  5.70it/s] 54%|█████▍    | 27/50 [00:04<00:03,  5.82it/s] 56%|█████▌    | 28/50 [00:04<00:03,  5.96it/s] 58%|█████▊    | 29/50 [00:04<00:03,  5.71it/s] 60%|██████    | 30/50 [00:04<00:03,  5.03it/s] 62%|██████▏   | 31/50 [00:05<00:04,  4.63it/s] 64%|██████▍   | 32/50 [00:05<00:04,  4.40it/s] 66%|██████▌   | 33/50 [00:05<00:04,  4.21it/s] 68%|██████▊   | 34/50 [00:05<00:03,  4.08it/s] 70%|███████   | 35/50 [00:05<00:03,  4.76it/s] 72%|███████▏  | 36/50 [00:06<00:03,  4.25it/s] 74%|███████▍  | 37/50 [00:06<00:03,  4.03it/s] 76%|███████▌  | 38/50 [00:06<00:03,  3.92it/s] 78%|███████▊  | 39/50 [00:07<00:02,  3.82it/s] 80%|████████  | 40/50 [00:07<00:02,  3.78it/s] 82%|████████▏ | 41/50 [00:07<00:02,  3.71it/s] 84%|████████▍ | 42/50 [00:07<00:02,  3.70it/s] 86%|████████▌ | 43/50 [00:08<00:01,  3.67it/s] 88%|████████▊ | 44/50 [00:08<00:01,  3.66it/s] 90%|█████████ | 45/50 [00:08<00:01,  3.62it/s] 92%|█████████▏| 46/50 [00:09<00:01,  3.65it/s] 94%|█████████▍| 47/50 [00:09<00:00,  3.68it/s] 96%|█████████▌| 48/50 [00:09<00:00,  3.71it/s] 98%|█████████▊| 49/50 [00:09<00:00,  3.73it/s]100%|██████████| 50/50 [00:10<00:00,  3.77it/s]100%|██████████| 50/50 [00:10<00:00,  4.96it/s]
tensor([[[ 0.1154,  0.0675, -0.0624,  ..., -0.0726,  0.0243,  0.0147],
         [ 0.1251,  0.0724, -0.0659,  ..., -0.0724,  0.0309,  0.0113],
         [ 0.1289,  0.0759, -0.0675,  ..., -0.0717,  0.0326,  0.0095],
         ...,
         [ 0.0936,  0.0620, -0.0754,  ..., -0.0590,  0.0467,  0.0267],
         [ 0.0849,  0.0593, -0.0723,  ..., -0.0479,  0.0446,  0.0315],
         [ 0.0737,  0.0569, -0.0674,  ..., -0.0293,  0.0404,  0.0344]]],
       device='mps:0')
MAG INPUT: [[ 0.11542198  0.06749161 -0.0624372  ... -0.07255208  0.02426677
   0.01467165]
 [ 0.12506267  0.07240435 -0.06593078 ... -0.07240064  0.03085525
   0.01131429]
 [ 0.12888053  0.07594106 -0.06754603 ... -0.07165477  0.03260621
   0.0095244 ]
 ...
 [ 0.09358067  0.06197537 -0.07539728 ... -0.05897952  0.04670234
   0.02670146]
 [ 0.08489833  0.05930477 -0.07228652 ... -0.04788978  0.04456243
   0.03154815]
 [ 0.07370433  0.0568789  -0.06735141 ... -0.02927097  0.04041898
   0.03439073]]
MAG TRANSPOSED: [[ 0.11542198  0.12506267  0.12888053 ...  0.09358067  0.08489833
   0.07370433]
 [ 0.06749161  0.07240435  0.07594106 ...  0.06197537  0.05930477
   0.0568789 ]
 [-0.0624372  -0.06593078 -0.06754603 ... -0.07539728 -0.07228652
  -0.06735141]
 ...
 [-0.07255208 -0.07240064 -0.07165477 ... -0.05897952 -0.04788978
  -0.02927097]
 [ 0.02426677  0.03085525  0.03260621 ...  0.04670234  0.04456243
   0.04041898]
 [ 0.01467165  0.01131429  0.0095244  ...  0.02670146  0.03154815
   0.03439073]]
MAG DE-NORMALIZED: [[-68.4578   -67.49373  -67.111946 ... -70.64193  -71.51017  -72.62957 ]
 [-73.25084  -72.75957  -72.40589  ... -73.80246  -74.06953  -74.31211 ]
 [-80.       -80.       -80.       ... -80.       -80.       -80.      ]
 ...
 [-80.       -80.       -80.       ... -80.       -80.       -80.      ]
 [-77.573326 -76.914474 -76.73938  ... -75.329765 -75.543755 -75.9581  ]
 [-78.53284  -78.86857  -79.04756  ... -77.32986  -76.845184 -76.56093 ]]
MAG TO AMPLITUDE: [[3.7766766e-04 4.2200103e-04 4.4096360e-04 ... 2.9369962e-04
  2.6576110e-04 2.3362615e-04]
 [2.1749931e-04 2.3015567e-04 2.3972064e-04 ... 2.0411595e-04
  1.9793544e-04 1.9248395e-04]
 [9.9999997e-05 9.9999997e-05 9.9999997e-05 ... 9.9999997e-05
  9.9999997e-05 9.9999997e-05]
 ...
 [9.9999997e-05 9.9999997e-05 9.9999997e-05 ... 9.9999997e-05
  9.9999997e-05 9.9999997e-05]
 [1.3223110e-04 1.4265144e-04 1.4555625e-04 ... 1.7120312e-04
  1.6703681e-04 1.5925572e-04]
 [1.1840173e-04 1.1391252e-04 1.1158915e-04 ... 1.3599001e-04
  1.4379402e-04 1.4857763e-04]]
WAV RECONSTRUCTED: [-1.3833488e-06  1.4928621e-06  2.2085205e-06 ... -2.6270752e-06
 -5.2486268e-07  3.7926050e-06]
WAV DE-PREEMPHASIS: [-1.38334883e-06  1.51013745e-07  2.35500386e-06 ...  4.63133223e-06
  3.96752958e-06  7.64110865e-06]
WAV TRIMMED: [-1.38334883e-06  1.51013745e-07  2.35500386e-06 ...  4.63133223e-06
  3.96752958e-06  7.64110865e-06]
