  0%|          | 0/50 [00:00<?, ?it/s]  2%|▏         | 1/50 [00:00<00:11,  4.20it/s]  4%|▍         | 2/50 [00:00<00:07,  6.05it/s]  8%|▊         | 4/50 [00:00<00:05,  7.68it/s] 10%|█         | 5/50 [00:00<00:05,  8.03it/s] 12%|█▏        | 6/50 [00:00<00:05,  8.36it/s] 14%|█▍        | 7/50 [00:00<00:05,  8.55it/s] 16%|█▌        | 8/50 [00:01<00:05,  8.20it/s] 18%|█▊        | 9/50 [00:01<00:05,  7.97it/s] 20%|██        | 10/50 [00:01<00:05,  7.86it/s] 22%|██▏       | 11/50 [00:01<00:05,  7.68it/s] 24%|██▍       | 12/50 [00:01<00:04,  7.63it/s] 26%|██▌       | 13/50 [00:01<00:04,  7.64it/s] 28%|██▊       | 14/50 [00:01<00:04,  7.76it/s] 30%|███       | 15/50 [00:01<00:04,  7.03it/s] 32%|███▏      | 16/50 [00:02<00:05,  6.57it/s] 34%|███▍      | 17/50 [00:02<00:05,  6.25it/s] 36%|███▌      | 18/50 [00:02<00:05,  5.85it/s] 38%|███▊      | 19/50 [00:02<00:05,  5.73it/s] 40%|████      | 20/50 [00:02<00:05,  5.62it/s] 42%|████▏     | 21/50 [00:03<00:05,  5.59it/s] 44%|████▍     | 22/50 [00:03<00:05,  5.58it/s] 46%|████▌     | 23/50 [00:03<00:04,  5.53it/s] 48%|████▊     | 24/50 [00:03<00:04,  5.60it/s] 50%|█████     | 25/50 [00:03<00:04,  5.63it/s] 52%|█████▏    | 26/50 [00:03<00:04,  5.72it/s] 54%|█████▍    | 27/50 [00:04<00:04,  5.73it/s] 56%|█████▌    | 28/50 [00:04<00:03,  5.82it/s] 58%|█████▊    | 29/50 [00:04<00:03,  5.54it/s] 60%|██████    | 30/50 [00:04<00:04,  4.82it/s] 62%|██████▏   | 31/50 [00:05<00:04,  4.43it/s] 64%|██████▍   | 32/50 [00:05<00:04,  4.19it/s] 66%|██████▌   | 33/50 [00:05<00:04,  3.98it/s] 68%|██████▊   | 34/50 [00:05<00:04,  3.88it/s] 70%|███████   | 35/50 [00:06<00:03,  4.54it/s] 72%|███████▏  | 36/50 [00:06<00:03,  4.19it/s] 74%|███████▍  | 37/50 [00:06<00:03,  3.91it/s] 76%|███████▌  | 38/50 [00:06<00:03,  3.78it/s] 78%|███████▊  | 39/50 [00:07<00:02,  3.70it/s] 80%|████████  | 40/50 [00:07<00:02,  3.65it/s] 82%|████████▏ | 41/50 [00:07<00:02,  3.61it/s] 84%|████████▍ | 42/50 [00:08<00:02,  3.59it/s] 86%|████████▌ | 43/50 [00:08<00:01,  3.57it/s] 88%|████████▊ | 44/50 [00:08<00:01,  3.56it/s] 90%|█████████ | 45/50 [00:08<00:01,  3.57it/s] 92%|█████████▏| 46/50 [00:09<00:01,  3.57it/s] 94%|█████████▍| 47/50 [00:09<00:00,  3.55it/s] 96%|█████████▌| 48/50 [00:09<00:00,  3.57it/s] 98%|█████████▊| 49/50 [00:09<00:00,  3.57it/s]100%|██████████| 50/50 [00:10<00:00,  3.57it/s]100%|██████████| 50/50 [00:10<00:00,  4.88it/s]
tensor([[[0.1554, 0.1629, 0.1633,  ..., 0.1484, 0.1452, 0.1396],
         [0.1244, 0.1345, 0.1410,  ..., 0.1190, 0.1134, 0.1029],
         [0.0961, 0.1077, 0.1164,  ..., 0.0917, 0.0862, 0.0742],
         ...,
         [0.1037, 0.1096, 0.1145,  ..., 0.0946, 0.0893, 0.0768],
         [0.1116, 0.1164, 0.1178,  ..., 0.0977, 0.0909, 0.0784],
         [0.2322, 0.2402, 0.2310,  ..., 0.1180, 0.1190, 0.1122]]],
       device='mps:0')
MAG INPUT: [[0.1553639  0.16293505 0.16333246 ... 0.14835498 0.14516263 0.13963434]
 [0.12440029 0.13447155 0.14099774 ... 0.11899037 0.11342504 0.10294575]
 [0.09607467 0.10769247 0.1163822  ... 0.09171392 0.08624584 0.07416167]
 ...
 [0.10372423 0.1095899  0.1144933  ... 0.09455378 0.08929078 0.07675848]
 [0.11161383 0.11644325 0.11782388 ... 0.09769551 0.09091407 0.07842966]
 [0.2322191  0.24017675 0.23099147 ... 0.11800379 0.11901478 0.11221378]]
MAG TRANSPOSED: [[0.1553639  0.12440029 0.09607467 ... 0.10372423 0.11161383 0.2322191 ]
 [0.16293505 0.13447155 0.10769247 ... 0.1095899  0.11644325 0.24017675]
 [0.16333246 0.14099774 0.1163822  ... 0.1144933  0.11782388 0.23099147]
 ...
 [0.14835498 0.11899037 0.09171392 ... 0.09455378 0.09769551 0.11800379]
 [0.14516263 0.11342504 0.08624584 ... 0.08929078 0.09091407 0.11901478]
 [0.13963434 0.10294575 0.07416167 ... 0.07675848 0.07842966 0.11221378]]
MAG DE-NORMALIZED: [[-64.46361  -67.55997  -70.39253  ... -69.62758  -68.838615 -56.77809 ]
 [-63.706497 -66.55284  -69.23075  ... -69.04101  -68.355675 -55.982323]
 [-63.666756 -65.90022  -68.36178  ... -68.55067  -68.21761  -56.900856]
 ...
 [-65.164505 -68.10096  -70.828606 ... -70.544624 -70.230446 -68.19962 ]
 [-65.483734 -68.65749  -71.37541  ... -71.07092  -70.90859  -68.098526]
 [-66.03657  -69.70542  -72.58383  ... -72.32415  -72.157036 -68.778625]]
MAG TO AMPLITUDE: [[0.00059816 0.0004188  0.00030225 ... 0.00033008 0.00036147 0.00144909]
 [0.00065264 0.00047028 0.00034551 ... 0.00035314 0.00038213 0.00158812]
 [0.00065563 0.00050698 0.00038187 ... 0.00037365 0.00038826 0.00142875]
 ...
 [0.00055179 0.00039351 0.00028745 ... 0.00029701 0.00030795 0.00038906]
 [0.00053188 0.00036908 0.00026992 ... 0.00027955 0.00028482 0.00039362]
 [0.00049908 0.00032714 0.00023486 ... 0.00024199 0.00024669 0.00036397]]
WAV RECONSTRUCTED: [ 3.4445799e-05  2.8465008e-06 -2.3132356e-05 ... -3.8701654e-03
 -3.6637634e-03 -3.2098310e-03]
WAV DE-PREEMPHASIS: [ 3.44457985e-05  3.62589254e-05  1.20388020e-05 ... -4.44891421e-02
 -4.68182312e-02 -4.86235153e-02]
WAV TRIMMED: [ 3.44457985e-05  3.62589254e-05  1.20388020e-05 ... -4.44891421e-02
 -4.68182312e-02 -4.86235153e-02]
